0000000111
2222000100 
1001000200 
1001000101
1211000101 
0001111201
0001000001 
0001122222
 
LEVEL 2
1 0 0 0 0 0 0 0 0 0 0 0 0 0 0
0 2 0 2 1 2 1 2 1 2 1 2 1 2 0
0 1 1 1	0 0 0 0 0 0 0 0	0 1 0
0 2 0 2	1 2 1 2 1 2 1 2 0 2 0
0 1 0 1 0 1 0 0 0 0 0 1 0 1 0
0 2 0 2	0 2 1 2 1 2 0 2 0 2 0
0 1 0 1 0 1 0 1 0 1 0 1 0 1 0
0 2 0 2	0 2 0 1	1 2 0 2	0 2 0
0 1 0 1	0 1 0 0	0 1 1 1	0 1 0
0 2 0 2	0 2 1 2	1 2 0 2	0 2 0
0 1 0 1	0 0 0 0	0 0 0 1	1 1 0
0 2 0 2	1 2 1 2	1 2 1 2	0 2 0
0 1 0 0	0 0 0 0	0 0 0 0	0 1 1
0 2 1 2	1 2 1 2	1 2 1 2	1 2 0
0 0 0 0	0 0 0 0	0 0 0 0	0 0 0
